n: 2107
lambda 1: 11.100171392394733
lambda_2: 15.040288590804956


